0 0.537564 0.603047 0.027012 0.036016
0 0.537564 0.835652 0.027012 0.033015
0 0.710189 0.837903 0.026168 0.031514
0 0.709767 0.602296 0.027012 0.031514
0 0.711033 0.370441 0.027856 0.033015
0 0.883236 0.371192 0.026168 0.031514
0 0.883236 0.605298 0.027856 0.031514
0 0.883236 0.837152 0.026168 0.030014
3 0.470455 0.540018 0.169670 0.222100
4 0.469611 0.310414 0.173047 0.225102
4 0.295298 0.308163 0.170514 0.226602
4 0.297831 0.541519 0.168826 0.222100
4 0.296986 0.776375 0.170514 0.217598
1 0.527434 0.397454 0.043895 0.027012
1 0.528278 0.634561 0.042207 0.027012
1 0.355232 0.399705 0.042207 0.028513
1 0.355654 0.631559 0.043051 0.024011
1 0.355232 0.866415 0.042207 0.028513
