4 0.295298 0.540768 0.172203 0.229604
4 0.296564 0.305912 0.169670 0.216098
4 0.468767 0.307413 0.164606 0.216098
4 0.296142 0.774124 0.167138 0.222100
3 0.467501 0.538517 0.170514 0.222100
1 0.356920 0.398954 0.047271 0.036016
1 0.354387 0.632310 0.045583 0.025512
1 0.355232 0.867166 0.043895 0.030014
1 0.527856 0.633060 0.043051 0.030014
1 0.527434 0.398954 0.043895 0.030014
0 0.537564 0.601546 0.027012 0.030014
0 0.537986 0.834151 0.029545 0.030014
0 0.709767 0.834901 0.027012 0.031514
0 0.709767 0.601546 0.027012 0.039018
0 0.710611 0.371942 0.027012 0.030014
0 0.883658 0.368941 0.027012 0.030014
0 0.882391 0.600796 0.026168 0.028513
0 0.883658 0.834901 0.027012 0.031514
