0 0.364939 0.838653 0.027856 0.033015
0 0.364095 0.601546 0.026168 0.033015
0 0.537564 0.603047 0.027012 0.030014
0 0.536720 0.372693 0.025324 0.031514
0 0.537564 0.835652 0.025324 0.030014
0 0.709767 0.837903 0.027012 0.031514
0 0.710189 0.604547 0.026168 0.027012
0 0.709767 0.370441 0.023636 0.033015
0 0.883236 0.369691 0.024480 0.028513
0 0.882813 0.603047 0.025324 0.030014
0 0.882813 0.837903 0.025324 0.031514
1 0.355232 0.633060 0.043895 0.030014
1 0.354387 0.398954 0.042207 0.030014
3 0.296142 0.542269 0.168826 0.223601
4 0.296986 0.306663 0.168826 0.223601
