1 0.354387 0.400455 0.042207 0.033015
1 0.355232 0.634561 0.043895 0.033015
0 0.364517 0.603797 0.025324 0.031514
0 0.364095 0.837903 0.026168 0.031514
0 0.536720 0.837903 0.028700 0.031514
0 0.537564 0.603047 0.027012 0.030014
0 0.537142 0.368941 0.026168 0.030014
0 0.709767 0.369691 0.027012 0.025512
0 0.884502 0.370441 0.028700 0.036016
0 0.883236 0.603047 0.026168 0.030014
0 0.710189 0.604547 0.022792 0.027012
0 0.710189 0.835652 0.024480 0.027012
0 0.883236 0.836402 0.027856 0.025512
3 0.295720 0.543770 0.174735 0.232605
4 0.296986 0.308163 0.167138 0.223601
