0 0.717364 0.368941 0.025324 0.030014
0 0.536298 0.368941 0.026168 0.030014
0 0.364095 0.368190 0.027856 0.034516
0 0.364095 0.602296 0.024480 0.031514
0 0.364095 0.836402 0.026168 0.028513
0 0.889989 0.603797 0.024480 0.031514
1 0.881969 0.398954 0.045583 0.030014
1 0.880281 0.632310 0.043895 0.031514
1 0.881969 0.865665 0.043895 0.027012
1 0.707234 0.866415 0.045583 0.031514
3 0.822880 0.540018 0.168826 0.228103
4 0.822458 0.308914 0.171359 0.222100
4 0.649411 0.775624 0.166294 0.231104
4 0.823302 0.775624 0.166294 0.222100
