0 0.364517 0.603797 0.025324 0.025512
0 0.363251 0.370441 0.022792 0.033015
0 0.544739 0.371192 0.026168 0.031514
0 0.543895 0.603797 0.026168 0.028513
0 0.543051 0.837152 0.026168 0.030014
0 0.716098 0.605298 0.026168 0.025512
0 0.717786 0.371192 0.026168 0.031514
0 0.717364 0.837903 0.025324 0.028513
0 0.897586 0.834151 0.026168 0.030014
0 0.897164 0.603797 0.027012 0.028513
0 0.896320 0.371192 0.025324 0.031514
2 0.030241 0.867166 0.045583 0.036016
2 0.355232 0.402706 0.043895 0.034516
5 0.296142 0.310414 0.173891 0.231104
