6 0.643080 0.775624 0.170514 0.231104
5 0.817815 0.310414 0.172203 0.231104
2 0.702169 0.865665 0.042207 0.027012
0 0.883658 0.370441 0.023636 0.030014
2 0.875216 0.401956 0.043895 0.030014
0 0.883236 0.604547 0.027856 0.027012
0 0.882813 0.834901 0.025324 0.031514
0 0.538830 0.837152 0.026168 0.030014
0 0.539674 0.604547 0.026168 0.024011
0 0.536720 0.370441 0.028700 0.027012
0 0.364095 0.371192 0.026168 0.025512
0 0.364095 0.601546 0.026168 0.027012
0 0.363251 0.834151 0.022792 0.030014
6 0.643080 0.541519 0.168826 0.225102
