6 0.469189 0.541519 0.170514 0.225102
6 0.469189 0.774124 0.167138 0.228103
5 0.643502 0.308914 0.171359 0.228103
0 0.364939 0.371942 0.024480 0.036016
0 0.364517 0.604547 0.025324 0.027012
0 0.364517 0.838653 0.027012 0.030014
0 0.710189 0.369691 0.027856 0.031514
0 0.711455 0.603047 0.027012 0.030014
0 0.709767 0.835652 0.027012 0.024011
0 0.889567 0.603047 0.025324 0.036016
0 0.890411 0.368941 0.027012 0.030014
0 0.891255 0.837152 0.028700 0.030014
2 0.528278 0.866415 0.045583 0.031514
2 0.701325 0.398954 0.043895 0.030014
