0 0.040371 0.371942 0.023636 0.030014
0 0.037838 0.604547 0.023636 0.027012
0 0.039526 0.838653 0.023636 0.033015
0 0.536720 0.370441 0.028700 0.033015
0 0.536720 0.604547 0.025324 0.027012
0 0.537142 0.837152 0.026168 0.024011
0 0.717786 0.603797 0.027856 0.028513
0 0.716520 0.368941 0.023636 0.030014
0 0.889144 0.368190 0.026168 0.031514
0 0.890411 0.604547 0.027012 0.033015
0 0.889989 0.838653 0.026168 0.027012
0 0.718208 0.838653 0.027012 0.033015
2 0.529123 0.400455 0.043895 0.033015
2 0.355232 0.866415 0.043895 0.034516
6 0.296564 0.543770 0.169670 0.226602
6 0.297831 0.775624 0.168826 0.225102
5 0.470455 0.310414 0.171359 0.234106
