0 0.038260 0.371942 0.024480 0.030014
0 0.039104 0.604547 0.026168 0.027012
0 0.038682 0.837152 0.025324 0.030014
0 0.536298 0.371942 0.027856 0.030014
0 0.538408 0.603797 0.027012 0.031514
0 0.536298 0.836402 0.026168 0.025512
0 0.715676 0.836402 0.025324 0.031514
0 0.716520 0.604547 0.027012 0.033015
0 0.717786 0.368941 0.027856 0.030014
0 0.889989 0.371192 0.027856 0.031514
0 0.890411 0.603797 0.027012 0.031514
0 0.889144 0.837152 0.024480 0.030014
2 0.354809 0.865665 0.044739 0.033015
2 0.527434 0.399705 0.043895 0.028513
6 0.295720 0.541519 0.169670 0.225102
6 0.296564 0.774874 0.167982 0.226602
5 0.469189 0.308163 0.170514 0.223601
