5 0.296564 0.308163 0.169670 0.229604
2 0.030241 0.866415 0.043895 0.034516
0 0.363251 0.371192 0.024480 0.031514
2 0.354809 0.401205 0.043051 0.028513
0 0.544739 0.368941 0.026168 0.030014
0 0.544317 0.602296 0.027012 0.031514
0 0.545583 0.836402 0.027856 0.031514
0 0.363673 0.835652 0.027012 0.027012
0 0.364517 0.603047 0.025324 0.030014
0 0.716098 0.371192 0.026168 0.034516
0 0.716942 0.604547 0.026168 0.030014
0 0.716520 0.837903 0.027012 0.031514
0 0.897586 0.371192 0.027856 0.034516
0 0.896320 0.603797 0.028700 0.034516
0 0.896320 0.834151 0.027012 0.027012
