0 0.718208 0.369691 0.027012 0.028513
0 0.717786 0.604547 0.026168 0.033015
0 0.717364 0.837903 0.025324 0.031514
0 0.889989 0.837152 0.026168 0.030014
0 0.889567 0.603047 0.028700 0.030014
0 0.890411 0.368941 0.027012 0.030014
0 0.537142 0.370441 0.026168 0.027012
0 0.537564 0.602296 0.027012 0.025512
0 0.537142 0.836402 0.027856 0.028513
2 0.528278 0.396703 0.045583 0.028513
2 0.355654 0.867916 0.043051 0.025512
0 0.039526 0.371942 0.023636 0.027012
0 0.039104 0.604547 0.026168 0.027012
0 0.040371 0.837152 0.025324 0.030014
5 0.470033 0.310414 0.172203 0.225102
6 0.295298 0.541519 0.170514 0.228103
6 0.295298 0.775624 0.167138 0.231104
